	classified_sentiment
0	1.0
1	3.0
2	3.0
3	3.0
4	3.0
5	1.0
6	3.0
7	3.0
8	4.0
9	3.0
10	3.0
11	3.0
12	4.0
13	4.0
14	4.0
15	3.0
16	4.0
17	4.0
18	4.0
19	4.0
20	4.0
21	4.0
22	3.0
23	3.0
24	3.0
25	3.0
26	4.0
27	1.0
28	3.0
29	4.0
30	4.0
31	2.0
32	3.0
33	3.0
34	1.0
35	3.0
36	3.0
37	4.0
38	3.0
39	2.0
40	3.0
41	0.0
42	3.0
43	3.0
44	3.0
45	4.0
46	4.0
47	4.0
48	4.0
49	3.0
50	4.0
51	3.0
52	3.0
53	3.0
54	3.0
55	3.0
56	3.0
57	1.0
58	3.0
59	4.0
60	2.0
61	3.0
62	3.0
63	1.0
64	3.0
65	3.0
66	3.0
67	4.0
68	4.0
69	3.0
70	3.0
71	4.0
72	4.0
73	3.0
74	3.0
75	2.0
76	4.0
77	3.0
78	4.0
79	3.0
80	0.0
81	3.0
82	4.0
83	3.0
84	3.0
85	3.0
86	3.0
87	4.0
88	3.0
89	3.0
90	3.0
91	3.0
92	2.0
93	3.0
94	3.0
95	3.0
96	2.0
97	4.0
98	3.0
99	3.0
100	3.0
101	3.0
102	3.0
103	3.0
104	3.0
105	3.0
106	4.0
107	3.0
108	3.0
109	3.0
110	3.0
111	3.0
112	4.0
113	3.0
114	2.0
115	3.0
116	4.0
117	2.0
118	3.0
119	3.0
120	4.0
121	3.0
122	4.0
123	3.0
124	1.0
125	2.0
126	2.0
127	4.0
128	4.0
129	3.0
130	2.0
131	3.0
132	3.0
133	3.0
134	4.0
135	4.0
136	4.0
137	3.0
138	1.0
139	3.0
140	2.0
141	1.0
142	3.0
143	3.0
144	3.0
145	3.0
146	3.0
147	3.0
148	3.0
149	4.0
150	3.0
151	3.0
152	3.0
153	1.0
154	3.0
155	4.0
156	3.0
157	1.0
158	3.0
159	
160	3.0
161	3.0
162	4.0
163	3.0
164	3.0
165	4.0
166	3.0
167	4.0
168	3.0
169	3.0
170	3.0
171	2.0
172	4.0
173	3.0
174	4.0
175	4.0
176	3.0
177	1.0
178	4.0
179	4.0
180	3.0
181	0.0
182	4.0
183	3.0
184	3.0
185	1.0
186	3.0
187	3.0
188	4.0
189	4.0
190	4.0
191	4.0
192	3.0
193	2.0
194	4.0
195	3.0
196	3.0
197	3.0
198	4.0
199	4.0
200	3.0
201	3.0
202	2.0
203	3.0
204	3.0
205	3.0
206	3.0
207	3.0
208	2.0
209	3.0
210	3.0
211	4.0
212	0.0
213	3.0
214	3.0
215	2.0
216	4.0
217	3.0
218	3.0
219	4.0
220	3.0
221	3.0
222	4.0
223	2.0
224	3.0
225	3.0
226	1.0
227	1.0
228	4.0
229	4.0
230	3.0
231	4.0
232	4.0
233	4.0
234	4.0
235	1.0
236	4.0
237	3.0
238	3.0
239	4.0
240	4.0
241	3.0
242	3.0
243	1.0
244	3.0
245	3.0
246	2.0
247	3.0
248	4.0
249	3.0
250	4.0
251	3.0
252	4.0
253	4.0
254	0.0
255	3.0
256	4.0
257	3.0
258	4.0
259	3.0
260	4.0
261	2.0
262	4.0
263	3.0
264	2.0
265	1.0
266	2.0
267	4.0
268	3.0
269	4.0
270	3.0
271	1.0
272	3.0
273	4.0
274	3.0
275	3.0
276	3.0
277	1.0
278	3.0
279	3.0
280	2.0
281	4.0
282	1.0
283	4.0
284	4.0
285	3.0
286	4.0
287	3.0
288	3.0
289	3.0
290	3.0
291	2.0
292	3.0
293	3.0
294	3.0
295	3.0
296	1.0
297	3.0
298	3.0
299	3.0
300	4.0
301	3.0
302	4.0
303	4.0
304	3.0
305	3.0
306	2.0
307	2.0
308	3.0
309	4.0
310	3.0
311	2.0
312	3.0
313	3.0
314	3.0
315	1.0
316	3.0
317	3.0
318	2.0
319	3.0
320	2.0
321	2.0
322	4.0
323	3.0
324	2.0
325	3.0
326	4.0
327	3.0
328	3.0
329	4.0
330	4.0
331	3.0
332	4.0
333	4.0
334	3.0
335	3.0
336	4.0
337	1.0
338	3.0
339	3.0
340	2.0
341	4.0
342	3.0
343	3.0
344	2.0
345	4.0
346	3.0
347	3.0
348	2.0
349	3.0
350	3.0
351	3.0
352	3.0
353	3.0
354	3.0
355	4.0
356	3.0
357	2.0
358	4.0
359	3.0
360	4.0
361	3.0
362	3.0
363	4.0
364	3.0
365	3.0
366	3.0
367	3.0
368	3.0
369	3.0
370	3.0
371	4.0
372	2.0
373	2.0
374	3.0
375	4.0
376	3.0
377	
378	3.0
379	3.0
380	4.0
381	3.0
382	4.0
383	3.0
384	3.0
385	3.0
386	3.0
387	4.0
388	4.0
389	3.0
390	4.0
391	3.0
392	3.0
393	4.0
394	3.0
395	3.0
396	4.0
397	3.0
398	4.0
399	3.0
400	3.0
401	2.0
402	3.0
403	3.0
404	2.0
405	3.0
406	0.0
407	3.0
408	3.0
409	4.0
410	3.0
411	4.0
412	3.0
413	4.0
414	3.0
415	4.0
416	3.0
417	4.0
418	1.0
419	3.0
420	4.0
421	4.0
422	3.0
423	1.0
424	3.0
425	4.0
426	3.0
427	3.0
428	3.0
429	3.0
430	3.0
431	4.0
432	3.0
433	3.0
434	3.0
435	4.0
436	3.0
437	4.0
438	1.0
439	3.0
440	3.0
441	4.0
442	3.0
443	4.0
444	4.0
445	3.0
446	3.0
447	3.0
448	3.0
449	4.0
450	4.0
451	2.0
452	3.0
453	4.0
454	1.0
455	3.0
456	3.0
457	3.0
458	4.0
459	4.0
460	4.0
461	4.0
462	4.0
463	3.0
464	3.0
465	0.0
466	4.0
467	3.0
468	3.0
469	2.0
470	3.0
471	3.0
472	3.0
473	2.0
474	3.0
475	3.0
476	4.0
477	3.0
478	4.0
479	4.0
480	3.0
481	3.0
482	4.0
483	3.0
484	3.0
485	4.0
486	3.0
487	4.0
488	4.0
489	4.0
490	3.0
491	3.0
492	1.0
493	3.0
494	3.0
495	4.0
496	4.0
497	4.0
498	3.0
499	3.0
500	3.0
501	3.0
502	3.0
503	4.0
504	3.0
505	3.0
506	3.0
507	4.0
508	4.0
509	4.0
510	4.0
511	3.0
512	3.0
513	3.0
514	3.0
515	3.0
516	3.0
517	3.0
518	3.0
519	3.0
520	4.0
521	3.0
522	3.0
523	0.0
524	4.0
525	3.0
526	3.0
527	3.0
528	3.0
529	3.0
530	3.0
531	3.0
532	3.0
533	4.0
534	1.0
535	3.0
536	4.0
537	4.0
538	3.0
539	4.0
540	4.0
541	3.0
542	3.0
543	4.0
544	3.0
545	3.0
546	3.0
547	3.0
548	3.0
549	3.0
550	2.0
551	1.0
552	3.0
553	4.0
554	4.0
555	2.0
556	3.0
557	1.0
558	2.0
559	3.0
560	3.0
561	3.0
562	3.0
563	3.0
564	1.0
565	3.0
566	3.0
567	3.0
568	1.0
569	4.0
570	3.0
571	3.0
572	3.0
573	4.0
574	1.0
575	3.0
576	3.0
577	3.0
578	1.0
579	3.0
580	4.0
581	4.0
582	1.0
583	4.0
584	3.0
585	3.0
586	3.0
587	2.0
588	3.0
589	4.0
590	2.0
591	0.0
592	3.0
593	3.0
594	4.0
595	4.0
596	4.0
597	4.0
598	3.0
599	3.0
600	3.0
601	3.0
602	3.0
603	4.0
604	4.0
605	4.0
606	4.0
607	4.0
608	4.0
609	4.0
610	3.0
611	2.0
612	3.0
613	3.0
614	3.0
615	3.0
616	4.0
617	3.0
618	3.0
619	4.0
620	3.0
621	3.0
622	3.0
623	3.0
624	1.0
625	2.0
626	3.0
627	3.0
628	3.0
629	2.0
630	2.0
631	3.0
632	3.0
633	1.0
634	3.0
635	4.0
636	4.0
637	3.0
638	2.0
639	4.0
640	2.0
641	0.0
642	4.0
643	3.0
644	1.0
645	1.0
646	1.0
647	4.0
648	3.0
649	3.0
650	4.0
651	2.0
652	2.0
653	3.0
654	3.0
655	3.0
656	4.0
657	3.0
658	4.0
659	4.0
660	1.0
661	4.0
662	2.0
663	4.0
664	0.0
665	4.0
666	3.0
667	3.0
668	3.0
669	3.0
670	3.0
671	3.0
672	4.0
673	3.0
674	3.0
675	3.0
676	4.0
677	3.0
678	4.0
679	3.0
680	4.0
681	3.0
682	4.0
683	3.0
684	4.0
685	1.0
686	4.0
687	3.0
688	3.0
689	3.0
690	3.0
691	3.0
692	4.0
693	3.0
694	3.0
695	3.0
696	3.0
697	4.0
698	3.0
699	4.0
700	3.0
701	3.0
702	3.0
703	4.0
704	4.0
705	3.0
706	1.0
707	3.0
708	4.0
709	4.0
710	3.0
711	3.0
712	3.0
713	1.0
714	3.0
715	3.0
716	3.0
717	4.0
718	3.0
719	3.0
720	3.0
721	4.0
722	3.0
723	3.0
724	3.0
725	3.0
726	3.0
727	4.0
728	4.0
729	3.0
730	3.0
731	4.0
732	4.0
733	3.0
734	4.0
735	3.0
736	3.0
737	3.0
738	3.0
739	3.0
740	3.0
741	3.0
742	3.0
743	4.0
744	4.0
745	1.0
746	4.0
747	3.0
748	4.0
749	3.0
750	3.0
751	3.0
752	4.0
753	4.0
754	3.0
755	3.0
756	3.0
757	2.0
758	3.0
759	3.0
760	3.0
761	3.0
762	4.0
763	1.0
764	2.0
765	3.0
766	4.0
767	3.0
768	3.0
769	3.0
770	3.0
771	3.0
772	3.0
773	3.0
774	1.0
775	3.0
776	4.0
777	3.0
778	4.0
779	4.0
780	3.0
781	2.0
782	4.0
783	4.0
784	4.0
785	4.0
786	2.0
787	4.0
788	4.0
789	4.0
790	4.0
791	3.0
792	3.0
793	4.0
794	3.0
795	3.0
796	3.0
797	4.0
798	3.0
799	4.0
800	3.0
801	3.0
802	3.0
803	3.0
804	4.0
805	3.0
806	4.0
807	4.0
808	3.0
809	3.0
810	2.0
811	4.0
812	4.0
813	4.0
814	3.0
815	3.0
816	2.0
817	3.0
818	3.0
819	4.0
820	3.0
821	3.0
822	3.0
823	3.0
824	3.0
825	3.0
826	2.0
827	4.0
828	3.0
829	4.0
830	4.0
831	3.0
832	4.0
833	3.0
834	4.0
835	3.0
836	3.0
837	3.0
838	3.0
839	4.0
840	1.0
841	3.0
842	4.0
843	3.0
844	3.0
845	3.0
846	3.0
847	4.0
848	3.0
849	4.0
850	3.0
851	4.0
852	3.0
853	3.0
854	4.0
855	3.0
856	4.0
857	3.0
858	2.0
859	3.0
860	2.0
861	4.0
862	2.0
863	3.0
864	2.0
865	2.0
866	3.0
867	4.0
868	4.0
869	4.0
870	3.0
871	3.0
872	3.0
873	4.0
874	4.0
875	3.0
876	4.0
877	3.0
878	2.0
879	1.0
880	2.0
881	4.0
882	4.0
883	3.0
884	3.0
885	4.0
886	2.0
887	3.0
888	3.0
889	3.0
890	3.0
891	2.0
892	3.0
893	3.0
894	3.0
895	3.0
896	3.0
897	3.0
898	3.0
899	2.0
900	3.0
901	3.0
902	3.0
903	3.0
904	3.0
905	4.0
906	3.0
907	3.0
908	3.0
909	2.0
910	3.0
911	4.0
912	3.0
913	3.0
914	4.0
915	3.0
916	3.0
917	4.0
918	0.0
919	3.0
920	3.0
921	3.0
922	3.0
923	3.0
924	4.0
925	3.0
926	3.0
927	3.0
928	3.0
929	4.0
930	3.0
931	0.0
932	3.0
933	4.0
934	4.0
935	4.0
936	3.0
937	3.0
938	2.0
939	3.0
940	3.0
941	4.0
942	4.0
943	3.0
944	1.0
945	4.0
946	4.0
947	4.0
948	3.0
949	3.0
950	4.0
951	3.0
952	3.0
953	1.0
954	0.0
955	3.0
956	3.0
957	3.0
958	4.0
959	3.0
960	4.0
961	1.0
962	3.0
963	3.0
964	1.0
965	3.0
966	3.0
967	4.0
968	3.0
969	4.0
970	4.0
971	4.0
972	3.0
973	3.0
974	3.0
975	3.0
976	2.0
977	4.0
978	4.0
979	4.0
980	4.0
981	3.0
982	4.0
983	2.0
984	2.0
985	4.0
986	3.0
987	4.0
988	2.0
989	3.0
990	4.0
991	3.0
992	4.0
993	3.0
994	2.0
995	3.0
996	0.0
997	4.0
998	3.0
999	2.0
1000	3.0
1001	3.0
1002	4.0
1003	3.0
1004	3.0
1005	3.0
1006	3.0
1007	4.0
1008	0.0
1009	4.0
1010	3.0
1011	4.0
1012	3.0
1013	3.0
1014	3.0
1015	1.0
1016	3.0
1017	4.0
1018	3.0
1019	4.0
1020	4.0
1021	3.0
1022	3.0
1023	4.0
1024	3.0
1025	1.0
1026	2.0
1027	4.0
1028	3.0
1029	4.0
1030	4.0
1031	
1032	1.0
1033	3.0
1034	4.0
1035	3.0
1036	1.0
1037	3.0
1038	4.0
1039	4.0
1040	3.0
1041	3.0
1042	2.0
1043	3.0
1044	3.0
1045	2.0
1046	3.0
1047	3.0
1048	4.0
1049	3.0
1050	0.0
1051	3.0
1052	3.0
1053	3.0
1054	4.0
1055	4.0
1056	3.0
1057	4.0
1058	3.0
1059	3.0
1060	3.0
1061	3.0
1062	3.0
1063	2.0
1064	4.0
1065	3.0
1066	2.0
1067	2.0
1068	1.0
1069	0.0
1070	4.0
1071	2.0
1072	0.0
1073	1.0
1074	1.0
1075	1.0
1076	2.0
1077	0.0
1078	3.0
1079	0.0
1080	3.0
1081	1.0
1082	2.0
1083	1.0
1084	1.0
1085	1.0
1086	1.0
1087	4.0
1088	1.0
1089	1.0
1090	1.0
1091	0.0
1092	1.0
1093	0.0
1094	1.0
1095	1.0
1096	1.0
1097	1.0
1098	3.0
1099	1.0
1100	0.0
1101	0.0
1102	0.0
1103	1.0
1104	1.0
1105	0.0
1106	0.0
1107	0.0
1108	1.0
1109	1.0
1110	0.0
1111	3.0
1112	0.0
1113	1.0
1114	2.0
1115	1.0
1116	
1117	0.0
1118	3.0
1119	3.0
1120	2.0
1121	0.0
1122	1.0
1123	0.0
1124	0.0
1125	1.0
1126	3.0
1127	3.0
1128	2.0
1129	1.0
1130	1.0
1131	1.0
1132	3.0
1133	1.0
1134	1.0
1135	0.0
1136	3.0
1137	1.0
1138	2.0
1139	0.0
1140	3.0
1141	1.0
1142	1.0
1143	1.0
1144	1.0
1145	0.0
1146	1.0
1147	0.0
1148	3.0
1149	2.0
1150	1.0
1151	3.0
1152	1.0
1153	0.0
1154	0.0
1155	1.0
1156	1.0
1157	0.0
1158	2.0
1159	3.0
1160	0.0
1161	1.0
1162	1.0
1163	3.0
1164	2.0
1165	1.0
1166	1.0
1167	0.0
1168	
1169	0.0
1170	1.0
1171	1.0
1172	3.0
1173	1.0
1174	3.0
1175	1.0
1176	3.0
1177	0.0
1178	1.0
1179	3.0
1180	3.0
1181	0.0
1182	0.0
1183	0.0
1184	1.0
1185	1.0
1186	1.0
1187	2.0
1188	1.0
1189	1.0
1190	0.0
1191	1.0
1192	0.0
1193	2.0
1194	0.0
1195	1.0
1196	0.0
1197	1.0
1198	1.0
1199	1.0
1200	4.0
1201	1.0
1202	0.0
1203	1.0
1204	1.0
1205	1.0
1206	1.0
1207	1.0
1208	1.0
1209	1.0
1210	0.0
1211	1.0
1212	1.0
1213	3.0
1214	0.0
1215	2.0
1216	1.0
1217	1.0
1218	2.0
1219	2.0
1220	3.0
1221	0.0
1222	0.0
1223	1.0
1224	2.0
1225	2.0
1226	1.0
1227	0.0
1228	0.0
1229	2.0
1230	1.0
1231	0.0
1232	1.0
1233	2.0
1234	0.0
1235	0.0
1236	1.0
1237	1.0
1238	1.0
1239	2.0
1240	3.0
1241	1.0
1242	1.0
1243	1.0
1244	1.0
1245	0.0
1246	1.0
1247	0.0
1248	1.0
1249	1.0
1250	0.0
1251	0.0
1252	0.0
1253	0.0
1254	3.0
1255	0.0
1256	1.0
1257	0.0
1258	1.0
1259	
1260	3.0
1261	0.0
1262	2.0
1263	3.0
1264	0.0
1265	0.0
1266	1.0
1267	1.0
1268	1.0
1269	3.0
1270	0.0
1271	1.0
1272	0.0
1273	1.0
1274	1.0
1275	1.0
1276	3.0
1277	0.0
1278	1.0
1279	1.0
1280	1.0
1281	1.0
1282	2.0
1283	0.0
1284	0.0
1285	3.0
1286	1.0
1287	1.0
1288	2.0
1289	1.0
1290	1.0
1291	1.0
1292	1.0
1293	1.0
1294	0.0
1295	1.0
1296	0.0
1297	0.0
1298	2.0
1299	2.0
1300	2.0
1301	1.0
1302	1.0
1303	0.0
1304	1.0
1305	1.0
1306	0.0
1307	0.0
1308	1.0
1309	1.0
1310	1.0
1311	1.0
1312	1.0
1313	1.0
1314	0.0
1315	0.0
1316	1.0
1317	3.0
1318	2.0
1319	3.0
1320	0.0
1321	1.0
1322	2.0
1323	1.0
1324	3.0
1325	1.0
1326	1.0
1327	0.0
1328	1.0
1329	2.0
1330	1.0
1331	1.0
1332	1.0
1333	1.0
1334	0.0
1335	1.0
1336	0.0
1337	3.0
1338	1.0
1339	1.0
1340	3.0
1341	2.0
1342	2.0
1343	1.0
1344	2.0
1345	0.0
1346	1.0
1347	1.0
1348	2.0
1349	1.0
1350	1.0
1351	1.0
1352	1.0
1353	1.0
1354	1.0
1355	0.0
1356	0.0
1357	2.0
1358	1.0
1359	1.0
1360	3.0
1361	2.0
1362	0.0
1363	2.0
1364	0.0
1365	1.0
1366	1.0
1367	0.0
1368	3.0
1369	3.0
1370	1.0
1371	1.0
1372	1.0
1373	1.0
1374	1.0
1375	0.0
1376	1.0
1377	1.0
1378	3.0
1379	0.0
1380	0.0
1381	0.0
1382	1.0
1383	3.0
1384	2.0
1385	0.0
1386	1.0
1387	3.0
1388	3.0
1389	1.0
1390	3.0
1391	1.0
1392	0.0
1393	3.0
1394	1.0
1395	2.0
1396	1.0
1397	0.0
1398	1.0
1399	0.0
1400	1.0
1401	1.0
1402	1.0
1403	1.0
1404	3.0
1405	0.0
1406	1.0
1407	0.0
1408	1.0
1409	0.0
1410	1.0
1411	0.0
1412	1.0
1413	1.0
1414	3.0
1415	3.0
1416	1.0
1417	1.0
1418	1.0
1419	0.0
1420	1.0
1421	1.0
1422	1.0
1423	3.0
1424	0.0
1425	0.0
1426	3.0
1427	0.0
1428	1.0
1429	1.0
1430	2.0
1431	1.0
1432	2.0
1433	0.0
1434	3.0
1435	3.0
1436	2.0
1437	0.0
1438	1.0
1439	2.0
1440	1.0
1441	1.0
1442	2.0
1443	3.0
1444	1.0
1445	1.0
1446	1.0
1447	3.0
1448	1.0
1449	1.0
1450	0.0
1451	1.0
1452	1.0
1453	1.0
1454	1.0
1455	0.0
1456	1.0
1457	0.0
1458	0.0
1459	0.0
1460	3.0
1461	3.0
1462	1.0
1463	1.0
1464	1.0
1465	3.0
1466	1.0
1467	3.0
1468	1.0
1469	0.0
1470	1.0
1471	1.0
1472	2.0
1473	0.0
1474	0.0
1475	0.0
1476	1.0
1477	2.0
1478	1.0
1479	1.0
1480	1.0
1481	1.0
1482	1.0
1483	3.0
1484	1.0
1485	1.0
1486	0.0
1487	1.0
1488	2.0
1489	0.0
1490	3.0
1491	
1492	0.0
1493	1.0
1494	1.0
1495	1.0
1496	1.0
1497	2.0
1498	0.0
1499	0.0
1500	2.0
1501	0.0
1502	1.0
1503	3.0
1504	0.0
1505	0.0
1506	0.0
1507	1.0
1508	1.0
1509	1.0
1510	1.0
1511	3.0
1512	3.0
1513	3.0
1514	1.0
1515	1.0
1516	1.0
1517	1.0
1518	0.0
1519	1.0
1520	
1521	1.0
1522	3.0
1523	0.0
1524	0.0
1525	2.0
1526	1.0
1527	0.0
1528	1.0
1529	2.0
1530	1.0
1531	3.0
1532	2.0
1533	1.0
1534	1.0
1535	1.0
1536	1.0
1537	1.0
1538	3.0
1539	1.0
1540	0.0
1541	1.0
1542	1.0
1543	1.0
1544	0.0
1545	1.0
1546	0.0
1547	1.0
1548	1.0
1549	0.0
1550	1.0
1551	1.0
1552	2.0
1553	1.0
1554	1.0
1555	2.0
1556	1.0
1557	0.0
1558	1.0
1559	1.0
1560	0.0
1561	3.0
1562	0.0
1563	0.0
1564	1.0
1565	1.0
1566	0.0
1567	1.0
1568	0.0
1569	1.0
1570	0.0
1571	3.0
1572	1.0
1573	1.0
1574	0.0
1575	1.0
1576	1.0
1577	3.0
1578	2.0
1579	1.0
1580	1.0
1581	0.0
1582	1.0
1583	2.0
1584	1.0
1585	
1586	1.0
1587	1.0
1588	3.0
1589	1.0
1590	3.0
1591	1.0
1592	1.0
1593	1.0
1594	1.0
1595	0.0
1596	0.0
1597	1.0
1598	1.0
1599	1.0
1600	3.0
1601	1.0
1602	1.0
1603	1.0
1604	1.0
1605	1.0
1606	1.0
1607	1.0
1608	1.0
1609	0.0
1610	0.0
1611	1.0
1612	1.0
1613	3.0
1614	1.0
1615	1.0
1616	1.0
1617	1.0
1618	0.0
1619	1.0
1620	1.0
1621	1.0
1622	2.0
1623	1.0
1624	1.0
1625	0.0
1626	3.0
1627	1.0
1628	1.0
1629	1.0
1630	3.0
1631	1.0
1632	1.0
1633	3.0
1634	3.0
1635	0.0
1636	2.0
1637	1.0
1638	1.0
1639	1.0
1640	0.0
1641	1.0
1642	3.0
1643	1.0
1644	1.0
1645	2.0
1646	1.0
1647	1.0
1648	0.0
1649	0.0
1650	2.0
1651	1.0
1652	0.0
1653	1.0
1654	1.0
1655	1.0
1656	0.0
1657	0.0
1658	0.0
1659	0.0
1660	1.0
1661	0.0
1662	0.0
1663	1.0
1664	3.0
1665	0.0
1666	1.0
1667	3.0
1668	1.0
1669	2.0
1670	2.0
1671	3.0
1672	0.0
1673	
1674	1.0
1675	1.0
1676	1.0
1677	0.0
1678	0.0
1679	1.0
1680	2.0
1681	1.0
1682	1.0
1683	0.0
1684	0.0
1685	0.0
1686	1.0
1687	3.0
1688	3.0
1689	3.0
1690	0.0
1691	1.0
1692	0.0
1693	1.0
1694	1.0
1695	3.0
1696	0.0
1697	0.0
1698	0.0
1699	0.0
1700	2.0
1701	1.0
1702	0.0
1703	1.0
1704	1.0
1705	1.0
1706	0.0
1707	2.0
1708	0.0
1709	2.0
1710	2.0
1711	3.0
1712	0.0
1713	0.0
1714	2.0
1715	1.0
1716	0.0
1717	3.0
1718	0.0
1719	1.0
1720	1.0
1721	1.0
1722	2.0
1723	1.0
1724	1.0
1725	2.0
1726	0.0
1727	2.0
1728	1.0
1729	0.0
1730	1.0
1731	2.0
1732	0.0
1733	1.0
1734	3.0
1735	1.0
1736	0.0
1737	1.0
1738	2.0
1739	1.0
1740	0.0
1741	0.0
1742	0.0
1743	0.0
1744	2.0
1745	1.0
1746	0.0
1747	0.0
1748	
1749	3.0
1750	1.0
1751	2.0
1752	2.0
1753	1.0
1754	1.0
1755	1.0
1756	1.0
1757	1.0
1758	1.0
1759	3.0
1760	1.0
1761	3.0
1762	1.0
1763	1.0
1764	1.0
1765	2.0
1766	0.0
1767	3.0
1768	3.0
1769	0.0
1770	1.0
1771	0.0
1772	1.0
1773	2.0
1774	1.0
1775	1.0
1776	1.0
1777	3.0
1778	1.0
1779	3.0
1780	0.0
1781	0.0
1782	0.0
1783	1.0
1784	1.0
1785	1.0
1786	1.0
1787	1.0
1788	0.0
1789	2.0
1790	1.0
1791	1.0
1792	2.0
1793	3.0
1794	2.0
1795	0.0
1796	1.0
1797	1.0
1798	0.0
1799	0.0
1800	1.0
1801	1.0
1802	1.0
1803	1.0
1804	1.0
1805	1.0
1806	0.0
1807	1.0
1808	0.0
1809	1.0
1810	1.0
1811	3.0
1812	3.0
1813	1.0
1814	0.0
1815	0.0
1816	1.0
1817	3.0
1818	2.0
1819	3.0
1820	1.0
1821	3.0
1822	1.0
1823	0.0
1824	1.0
1825	1.0
1826	1.0
1827	0.0
1828	1.0
1829	2.0
1830	1.0
1831	0.0
1832	1.0
1833	2.0
1834	0.0
1835	1.0
1836	3.0
1837	0.0
1838	1.0
1839	3.0
1840	1.0
1841	0.0
1842	1.0
1843	0.0
1844	1.0
1845	1.0
1846	1.0
1847	1.0
1848	2.0
1849	1.0
1850	1.0
1851	1.0
1852	0.0
1853	0.0
1854	0.0
1855	0.0
1856	1.0
1857	1.0
1858	2.0
1859	3.0
1860	0.0
1861	1.0
1862	0.0
1863	0.0
1864	3.0
1865	0.0
1866	1.0
1867	2.0
1868	3.0
1869	0.0
1870	0.0
1871	1.0
1872	0.0
1873	1.0
1874	0.0
1875	0.0
1876	1.0
1877	3.0
1878	1.0
1879	2.0
1880	1.0
1881	2.0
1882	0.0
1883	3.0
1884	0.0
1885	1.0
1886	1.0
1887	1.0
1888	1.0
1889	1.0
1890	0.0
1891	0.0
1892	1.0
1893	2.0
1894	0.0
1895	1.0
1896	0.0
1897	3.0
1898	0.0
1899	1.0
1900	1.0
1901	0.0
1902	0.0
1903	
1904	0.0
1905	1.0
1906	1.0
1907	1.0
1908	1.0
1909	0.0
1910	0.0
1911	3.0
1912	1.0
1913	1.0
1914	1.0
1915	2.0
1916	
1917	2.0
1918	1.0
1919	0.0
1920	0.0
1921	1.0
1922	3.0
1923	0.0
1924	0.0
1925	1.0
1926	0.0
1927	4.0
1928	1.0
1929	1.0
1930	2.0
1931	0.0
1932	0.0
1933	1.0
1934	1.0
1935	1.0
1936	2.0
1937	3.0
1938	1.0
1939	0.0
1940	1.0
1941	1.0
1942	1.0
1943	0.0
1944	2.0
1945	2.0
1946	2.0
1947	1.0
1948	0.0
1949	1.0
1950	1.0
1951	1.0
1952	3.0
1953	1.0
1954	2.0
1955	1.0
1956	1.0
1957	1.0
1958	0.0
1959	2.0
1960	1.0
1961	1.0
1962	2.0
1963	0.0
1964	3.0
1965	1.0
1966	2.0
1967	2.0
1968	3.0
1969	1.0
1970	0.0
1971	1.0
1972	1.0
1973	1.0
1974	3.0
1975	0.0
1976	1.0
1977	1.0
1978	1.0
1979	1.0
1980	3.0
1981	1.0
1982	1.0
1983	1.0
1984	1.0
1985	1.0
1986	1.0
1987	0.0
1988	1.0
1989	2.0
1990	1.0
1991	0.0
1992	0.0
1993	1.0
1994	1.0
1995	0.0
1996	2.0
1997	2.0
1998	1.0
1999	0.0
2000	0.0
2001	0.0
2002	1.0
2003	1.0
2004	2.0
2005	0.0
2006	1.0
2007	0.0
2008	1.0
2009	1.0
2010	1.0
2011	2.0
2012	0.0
2013	0.0
2014	1.0
2015	1.0
2016	0.0
2017	3.0
2018	3.0
2019	3.0
2020	0.0
2021	1.0
2022	1.0
2023	2.0
2024	0.0
2025	2.0
2026	1.0
2027	2.0
2028	0.0
2029	1.0
2030	0.0
2031	1.0
2032	1.0
2033	2.0
2034	0.0
2035	3.0
2036	1.0
2037	0.0
2038	1.0
2039	2.0
2040	0.0
2041	0.0
2042	0.0
2043	1.0
2044	1.0
2045	1.0
2046	3.0
2047	1.0
2048	1.0
2049	1.0
2050	1.0
2051	1.0
2052	1.0
2053	1.0
2054	1.0
2055	1.0
2056	1.0
2057	0.0
2058	1.0
2059	4.0
2060	0.0
2061	0.0
2062	1.0
2063	1.0
2064	1.0
2065	2.0
2066	1.0
2067	1.0
2068	1.0
2069	1.0
2070	1.0
2071	1.0
2072	3.0
2073	2.0
2074	0.0
2075	1.0
2076	1.0
2077	1.0
2078	2.0
2079	0.0
2080	0.0
2081	0.0
2082	1.0
2083	1.0
2084	2.0
2085	1.0
2086	1.0
2087	2.0
2088	1.0
2089	1.0
2090	1.0
2091	1.0
2092	1.0
2093	1.0
2094	2.0
2095	0.0
2096	1.0
2097	3.0
2098	
2099	2.0
2100	2.0
2101	1.0
2102	3.0
2103	0.0
2104	0.0
2105	0.0
2106	1.0
2107	3.0
2108	0.0
2109	0.0
2110	1.0
2111	0.0
2112	1.0
2113	0.0
2114	1.0
2115	2.0
2116	1.0
2117	3.0
2118	1.0
2119	2.0
2120	2.0
2121	1.0
2122	2.0
2123	1.0
2124	2.0
2125	0.0
2126	1.0
2127	0.0
2128	0.0
2129	0.0
2130	1.0
2131	2.0
2132	1.0
2133	0.0
2134	1.0
2135	1.0
2136	1.0
2137	0.0
2138	0.0
2139	0.0
2140	1.0
2141	1.0
2142	1.0
2143	0.0
2144	1.0
2145	1.0
2146	1.0
2147	1.0
2148	0.0
2149	1.0
2150	1.0
2151	0.0
2152	1.0
2153	0.0
2154	1.0
2155	1.0
2156	3.0
2157	0.0
2158	1.0
2159	0.0
2160	1.0
2161	1.0
2162	1.0
2163	0.0
2164	1.0
2165	2.0
2166	2.0
2167	1.0
2168	1.0
2169	0.0
2170	2.0
2171	0.0
2172	1.0
2173	1.0
2174	0.0
2175	3.0
2176	3.0
2177	0.0
2178	0.0
2179	1.0
2180	2.0
2181	0.0
2182	1.0
2183	1.0
2184	2.0
2185	3.0
2186	1.0
2187	1.0
2188	1.0
2189	0.0
2190	0.0
2191	1.0
2192	0.0
2193	
2194	0.0
2195	1.0
2196	0.0
2197	2.0
2198	1.0
2199	3.0
2200	1.0
2201	0.0
2202	1.0
2203	0.0
2204	0.0
2205	3.0
2206	4.0
2207	3.0
2208	4.0
2209	0.0
