	classified_sentiment
0	1.0
1	3.0
2	4.0
3	3.0
4	3.0
5	1.0
6	1.0
7	3.0
8	3.0
9	3.0
10	3.0
11	3.0
12	3.0
13	3.0
14	2.0
15	1.0
16	3.0
17	3.0
18	4.0
19	4.0
20	4.0
21	2.0
22	3.0
23	3.0
24	3.0
25	3.0
26	2.0
27	1.0
28	3.0
29	4.0
30	3.0
31	2.0
32	3.0
33	1.0
34	1.0
35	3.0
36	1.0
37	3.0
38	2.0
39	1.0
40	3.0
41	1.0
42	3.0
43	3.0
44	3.0
45	3.0
46	4.0
47	4.0
48	3.0
49	3.0
50	3.0
51	3.0
52	4.0
53	4.0
54	4.0
55	3.0
56	3.0
57	1.0
58	3.0
59	4.0
60	1.0
61	1.0
62	3.0
63	1.0
64	3.0
65	3.0
66	3.0
67	4.0
68	4.0
69	3.0
70	3.0
71	4.0
72	4.0
73	4.0
74	1.0
75	1.0
76	4.0
77	3.0
78	3.0
79	3.0
80	1.0
81	3.0
82	3.0
83	3.0
84	3.0
85	3.0
86	3.0
87	3.0
88	2.0
89	3.0
90	1.0
91	3.0
92	2.0
93	3.0
94	1.0
95	3.0
96	2.0
97	3.0
98	2.0
99	3.0
100	3.0
101	3.0
102	4.0
103	2.0
104	3.0
105	3.0
106	3.0
107	3.0
108	3.0
109	3.0
110	2.0
111	3.0
112	3.0
113	3.0
114	2.0
115	3.0
116	3.0
117	1.0
118	3.0
119	3.0
120	2.0
121	3.0
122	4.0
123	4.0
124	1.0
125	2.0
126	1.0
127	3.0
128	3.0
129	3.0
130	1.0
131	4.0
132	3.0
133	3.0
134	3.0
135	4.0
136	3.0
137	1.0
138	1.0
139	3.0
140	3.0
141	1.0
142	3.0
143	3.0
144	2.0
145	1.0
146	3.0
147	3.0
148	1.0
149	3.0
150	3.0
151	3.0
152	2.0
153	1.0
154	2.0
155	3.0
156	3.0
157	0.0
158	3.0
159	3.0
160	3.0
161	2.0
162	3.0
163	3.0
164	3.0
165	3.0
166	2.0
167	3.0
168	3.0
169	3.0
170	3.0
171	3.0
172	3.0
173	3.0
174	3.0
175	3.0
176	3.0
177	1.0
178	3.0
179	4.0
180	4.0
181	0.0
182	3.0
183	3.0
184	3.0
185	1.0
186	2.0
187	4.0
188	3.0
189	4.0
190	3.0
191	3.0
192	4.0
193	1.0
194	3.0
195	4.0
196	4.0
197	3.0
198	3.0
199	3.0
200	2.0
201	3.0
202	1.0
203	0.0
204	2.0
205	3.0
206	2.0
207	3.0
208	2.0
209	3.0
210	2.0
211	3.0
212	1.0
213	4.0
214	3.0
215	1.0
216	4.0
217	3.0
218	3.0
219	3.0
220	3.0
221	4.0
222	3.0
223	1.0
224	3.0
225	1.0
226	3.0
227	2.0
228	3.0
229	3.0
230	3.0
231	2.0
232	1.0
233	3.0
234	3.0
235	1.0
236	3.0
237	3.0
238	3.0
239	3.0
240	3.0
241	4.0
242	4.0
243	1.0
244	3.0
245	1.0
246	1.0
247	3.0
248	3.0
249	2.0
250	2.0
251	2.0
252	4.0
253	4.0
254	1.0
255	2.0
256	4.0
257	3.0
258	1.0
259	3.0
260	3.0
261	2.0
262	3.0
263	3.0
264	3.0
265	2.0
266	2.0
267	2.0
268	3.0
269	2.0
270	4.0
271	1.0
272	3.0
273	4.0
274	3.0
275	3.0
276	2.0
277	1.0
278	4.0
279	4.0
280	2.0
281	4.0
282	1.0
283	4.0
284	3.0
285	1.0
286	3.0
287	3.0
288	2.0
289	3.0
290	3.0
291	1.0
292	3.0
293	3.0
294	3.0
295	3.0
296	1.0
297	3.0
298	1.0
299	3.0
300	3.0
301	3.0
302	3.0
303	3.0
304	3.0
305	3.0
306	3.0
307	2.0
308	1.0
309	3.0
310	1.0
311	1.0
312	1.0
313	3.0
314	3.0
315	1.0
316	3.0
317	3.0
318	3.0
319	3.0
320	2.0
321	2.0
322	3.0
323	4.0
324	1.0
325	0.0
326	3.0
327	2.0
328	3.0
329	3.0
330	4.0
331	3.0
332	3.0
333	3.0
334	3.0
335	1.0
336	4.0
337	1.0
338	4.0
339	4.0
340	1.0
341	3.0
342	1.0
343	3.0
344	2.0
345	3.0
346	3.0
347	3.0
348	2.0
349	3.0
350	3.0
351	3.0
352	3.0
353	3.0
354	3.0
355	3.0
356	4.0
357	3.0
358	4.0
359	3.0
360	3.0
361	3.0
362	3.0
363	4.0
364	3.0
365	4.0
366	3.0
367	3.0
368	3.0
369	3.0
370	1.0
371	4.0
372	2.0
373	2.0
374	3.0
375	3.0
376	3.0
377	2.0
378	4.0
379	3.0
380	3.0
381	1.0
382	4.0
383	3.0
384	3.0
385	3.0
386	3.0
387	4.0
388	4.0
389	3.0
390	3.0
391	3.0
392	3.0
393	3.0
394	3.0
395	3.0
396	3.0
397	1.0
398	3.0
399	3.0
400	1.0
401	2.0
402	3.0
403	3.0
404	2.0
405	2.0
406	1.0
407	3.0
408	3.0
409	3.0
410	2.0
411	3.0
412	3.0
413	3.0
414	3.0
415	3.0
416	1.0
417	3.0
418	1.0
419	3.0
420	4.0
421	3.0
422	3.0
423	1.0
424	3.0
425	2.0
426	2.0
427	2.0
428	3.0
429	1.0
430	1.0
431	4.0
432	3.0
433	4.0
434	3.0
435	1.0
436	3.0
437	4.0
438	1.0
439	2.0
440	4.0
441	3.0
442	3.0
443	2.0
444	4.0
445	3.0
446	3.0
447	3.0
448	2.0
449	3.0
450	4.0
451	2.0
452	3.0
453	4.0
454	1.0
455	3.0
456	2.0
457	3.0
458	3.0
459	1.0
460	1.0
461	3.0
462	2.0
463	3.0
464	0.0
465	1.0
466	2.0
467	1.0
468	3.0
469	0.0
470	2.0
471	3.0
472	4.0
473	3.0
474	3.0
475	3.0
476	3.0
477	2.0
478	3.0
479	2.0
480	3.0
481	3.0
482	3.0
483	3.0
484	3.0
485	3.0
486	3.0
487	2.0
488	4.0
489	3.0
490	3.0
491	2.0
492	1.0
493	1.0
494	3.0
495	3.0
496	3.0
497	3.0
498	3.0
499	1.0
500	3.0
501	3.0
502	1.0
503	4.0
504	2.0
505	4.0
506	3.0
507	3.0
508	3.0
509	3.0
510	3.0
511	3.0
512	2.0
513	3.0
514	3.0
515	1.0
516	3.0
517	1.0
518	3.0
519	0.0
520	3.0
521	3.0
522	3.0
523	0.0
524	3.0
525	3.0
526	3.0
527	2.0
528	4.0
529	2.0
530	3.0
531	3.0
532	3.0
533	3.0
534	1.0
535	3.0
536	3.0
537	3.0
538	4.0
539	3.0
540	4.0
541	3.0
542	2.0
543	2.0
544	3.0
545	1.0
546	3.0
547	3.0
548	4.0
549	1.0
550	1.0
551	1.0
552	3.0
553	3.0
554	3.0
555	2.0
556	1.0
557	2.0
558	2.0
559	2.0
560	3.0
561	2.0
562	4.0
563	3.0
564	1.0
565	2.0
566	3.0
567	3.0
568	1.0
569	3.0
570	3.0
571	0.0
572	2.0
573	3.0
574	3.0
575	1.0
576	3.0
577	3.0
578	1.0
579	3.0
580	3.0
581	3.0
582	2.0
583	3.0
584	3.0
585	4.0
586	3.0
587	2.0
588	3.0
589	2.0
590	2.0
591	0.0
592	4.0
593	1.0
594	4.0
595	3.0
596	3.0
597	3.0
598	2.0
599	3.0
600	3.0
601	2.0
602	3.0
603	3.0
604	4.0
605	3.0
606	1.0
607	3.0
608	3.0
609	3.0
610	2.0
611	2.0
612	3.0
613	3.0
614	3.0
615	3.0
616	3.0
617	3.0
618	4.0
619	3.0
620	3.0
621	4.0
622	3.0
623	3.0
624	2.0
625	2.0
626	3.0
627	3.0
628	2.0
629	2.0
630	1.0
631	3.0
632	3.0
633	1.0
634	3.0
635	2.0
636	3.0
637	1.0
638	1.0
639	3.0
640	2.0
641	0.0
642	4.0
643	1.0
644	1.0
645	1.0
646	1.0
647	4.0
648	2.0
649	3.0
650	3.0
651	2.0
652	1.0
653	2.0
654	4.0
655	3.0
656	3.0
657	3.0
658	3.0
659	3.0
660	1.0
661	3.0
662	1.0
663	3.0
664	3.0
665	3.0
666	3.0
667	3.0
668	3.0
669	3.0
670	3.0
671	3.0
672	4.0
673	3.0
674	3.0
675	1.0
676	1.0
677	3.0
678	3.0
679	4.0
680	3.0
681	2.0
682	4.0
683	4.0
684	3.0
685	1.0
686	4.0
687	3.0
688	2.0
689	1.0
690	3.0
691	2.0
692	4.0
693	1.0
694	3.0
695	3.0
696	3.0
697	4.0
698	3.0
699	3.0
700	2.0
701	3.0
702	3.0
703	3.0
704	4.0
705	3.0
706	1.0
707	3.0
708	3.0
709	3.0
710	3.0
711	2.0
712	3.0
713	0.0
714	3.0
715	3.0
716	3.0
717	3.0
718	3.0
719	3.0
720	2.0
721	4.0
722	3.0
723	4.0
724	3.0
725	1.0
726	3.0
727	4.0
728	4.0
729	2.0
730	2.0
731	3.0
732	3.0
733	3.0
734	3.0
735	3.0
736	3.0
737	3.0
738	4.0
739	1.0
740	3.0
741	4.0
742	3.0
743	4.0
744	3.0
745	1.0
746	3.0
747	3.0
748	3.0
749	3.0
750	4.0
751	3.0
752	3.0
753	3.0
754	1.0
755	3.0
756	3.0
757	1.0
758	4.0
759	0.0
760	3.0
761	2.0
762	3.0
763	1.0
764	1.0
765	4.0
766	2.0
767	1.0
768	3.0
769	3.0
770	3.0
771	3.0
772	2.0
773	3.0
774	1.0
775	3.0
776	3.0
777	3.0
778	3.0
779	3.0
780	3.0
781	3.0
782	4.0
783	3.0
784	3.0
785	3.0
786	2.0
787	3.0
788	4.0
789	3.0
790	4.0
791	3.0
792	3.0
793	4.0
794	1.0
795	3.0
796	3.0
797	4.0
798	3.0
799	2.0
800	3.0
801	3.0
802	2.0
803	3.0
804	3.0
805	1.0
806	3.0
807	3.0
808	2.0
809	3.0
810	3.0
811	4.0
812	3.0
813	3.0
814	3.0
815	4.0
816	3.0
817	3.0
818	1.0
819	3.0
820	3.0
821	3.0
822	3.0
823	4.0
824	1.0
825	3.0
826	2.0
827	2.0
828	4.0
829	3.0
830	3.0
831	3.0
832	3.0
833	3.0
834	3.0
835	3.0
836	3.0
837	3.0
838	3.0
839	3.0
840	1.0
841	3.0
842	3.0
843	3.0
844	4.0
845	3.0
846	3.0
847	3.0
848	4.0
849	3.0
850	2.0
851	3.0
852	3.0
853	3.0
854	4.0
855	3.0
856	3.0
857	4.0
858	2.0
859	3.0
860	3.0
861	3.0
862	3.0
863	3.0
864	1.0
865	2.0
866	3.0
867	4.0
868	4.0
869	3.0
870	3.0
871	3.0
872	1.0
873	1.0
874	4.0
875	3.0
876	3.0
877	3.0
878	3.0
879	1.0
880	2.0
881	3.0
882	3.0
883	3.0
884	3.0
885	3.0
886	2.0
887	3.0
888	3.0
889	1.0
890	3.0
891	1.0
892	3.0
893	3.0
894	3.0
895	3.0
896	3.0
897	3.0
898	1.0
899	3.0
900	3.0
901	3.0
902	4.0
903	3.0
904	3.0
905	3.0
906	3.0
907	2.0
908	4.0
909	1.0
910	1.0
911	2.0
912	3.0
913	4.0
914	3.0
915	3.0
916	3.0
917	3.0
918	0.0
919	
920	3.0
921	3.0
922	4.0
923	2.0
924	3.0
925	4.0
926	3.0
927	2.0
928	3.0
929	1.0
930	3.0
931	0.0
932	3.0
933	4.0
934	4.0
935	3.0
936	3.0
937	1.0
938	1.0
939	3.0
940	3.0
941	4.0
942	3.0
943	3.0
944	1.0
945	3.0
946	4.0
947	3.0
948	3.0
949	3.0
950	4.0
951	1.0
952	2.0
953	2.0
954	1.0
955	3.0
956	3.0
957	3.0
958	3.0
959	3.0
960	3.0
961	0.0
962	3.0
963	3.0
964	0.0
965	1.0
966	3.0
967	3.0
968	4.0
969	3.0
970	0.0
971	3.0
972	3.0
973	3.0
974	1.0
975	3.0
976	2.0
977	3.0
978	3.0
979	4.0
980	2.0
981	3.0
982	3.0
983	2.0
984	2.0
985	4.0
986	3.0
987	4.0
988	2.0
989	4.0
990	4.0
991	3.0
992	3.0
993	3.0
994	1.0
995	3.0
996	1.0
997	3.0
998	3.0
999	1.0
1000	4.0
1001	2.0
1002	4.0
1003	4.0
1004	3.0
1005	3.0
1006	4.0
1007	3.0
1008	0.0
1009	3.0
1010	2.0
1011	3.0
1012	3.0
1013	3.0
1014	4.0
1015	1.0
1016	3.0
1017	3.0
1018	3.0
1019	3.0
1020	3.0
1021	3.0
1022	2.0
1023	3.0
1024	3.0
1025	1.0
1026	3.0
1027	3.0
1028	3.0
1029	4.0
1030	3.0
1031	3.0
1032	1.0
1033	3.0
1034	4.0
1035	3.0
1036	1.0
1037	3.0
1038	4.0
1039	3.0
1040	3.0
1041	4.0
1042	2.0
1043	3.0
1044	1.0
1045	3.0
1046	3.0
1047	3.0
1048	3.0
1049	3.0
1050	0.0
1051	3.0
1052	3.0
1053	3.0
1054	3.0
1055	3.0
1056	3.0
1057	3.0
1058	3.0
1059	3.0
1060	2.0
1061	3.0
1062	4.0
1063	2.0
1064	3.0
1065	3.0
1066	3.0
1067	2.0
1068	1.0
1069	1.0
1070	3.0
1071	2.0
1072	1.0
1073	1.0
1074	1.0
1075	0.0
1076	1.0
1077	1.0
1078	2.0
1079	1.0
1080	1.0
1081	0.0
1082	2.0
1083	1.0
1084	2.0
1085	2.0
1086	2.0
1087	2.0
1088	0.0
1089	1.0
1090	1.0
1091	1.0
1092	1.0
1093	0.0
1094	1.0
1095	0.0
1096	0.0
1097	1.0
1098	3.0
1099	1.0
1100	0.0
1101	0.0
1102	0.0
1103	1.0
1104	1.0
1105	0.0
1106	1.0
1107	0.0
1108	1.0
1109	1.0
1110	1.0
1111	2.0
1112	0.0
1113	1.0
1114	1.0
1115	1.0
1116	0.0
1117	0.0
1118	2.0
1119	1.0
1120	1.0
1121	0.0
1122	0.0
1123	0.0
1124	0.0
1125	1.0
1126	2.0
1127	3.0
1128	3.0
1129	1.0
1130	1.0
1131	0.0
1132	3.0
1133	1.0
1134	0.0
1135	0.0
1136	2.0
1137	1.0
1138	2.0
1139	0.0
1140	3.0
1141	1.0
1142	1.0
1143	1.0
1144	0.0
1145	0.0
1146	1.0
1147	0.0
1148	3.0
1149	2.0
1150	1.0
1151	2.0
1152	1.0
1153	1.0
1154	1.0
1155	1.0
1156	0.0
1157	0.0
1158	2.0
1159	2.0
1160	1.0
1161	1.0
1162	1.0
1163	3.0
1164	2.0
1165	1.0
1166	1.0
1167	1.0
1168	0.0
1169	1.0
1170	0.0
1171	2.0
1172	1.0
1173	0.0
1174	3.0
1175	1.0
1176	3.0
1177	0.0
1178	1.0
1179	3.0
1180	3.0
1181	1.0
1182	1.0
1183	1.0
1184	1.0
1185	1.0
1186	1.0
1187	2.0
1188	1.0
1189	1.0
1190	1.0
1191	1.0
1192	1.0
1193	1.0
1194	1.0
1195	0.0
1196	1.0
1197	1.0
1198	1.0
1199	2.0
1200	3.0
1201	2.0
1202	0.0
1203	1.0
1204	0.0
1205	0.0
1206	0.0
1207	1.0
1208	0.0
1209	1.0
1210	1.0
1211	1.0
1212	1.0
1213	3.0
1214	0.0
1215	1.0
1216	1.0
1217	1.0
1218	2.0
1219	3.0
1220	1.0
1221	0.0
1222	1.0
1223	1.0
1224	1.0
1225	1.0
1226	1.0
1227	1.0
1228	0.0
1229	3.0
1230	1.0
1231	1.0
1232	1.0
1233	1.0
1234	1.0
1235	0.0
1236	1.0
1237	0.0
1238	1.0
1239	2.0
1240	2.0
1241	1.0
1242	0.0
1243	1.0
1244	1.0
1245	1.0
1246	2.0
1247	0.0
1248	1.0
1249	1.0
1250	0.0
1251	0.0
1252	1.0
1253	0.0
1254	3.0
1255	1.0
1256	1.0
1257	0.0
1258	0.0
1259	0.0
1260	1.0
1261	1.0
1262	1.0
1263	3.0
1264	1.0
1265	1.0
1266	1.0
1267	1.0
1268	0.0
1269	1.0
1270	0.0
1271	0.0
1272	0.0
1273	0.0
1274	1.0
1275	1.0
1276	1.0
1277	1.0
1278	1.0
1279	1.0
1280	2.0
1281	0.0
1282	2.0
1283	0.0
1284	1.0
1285	4.0
1286	1.0
1287	1.0
1288	1.0
1289	1.0
1290	1.0
1291	1.0
1292	1.0
1293	0.0
1294	0.0
1295	1.0
1296	1.0
1297	0.0
1298	3.0
1299	1.0
1300	2.0
1301	1.0
1302	1.0
1303	0.0
1304	0.0
1305	1.0
1306	0.0
1307	1.0
1308	1.0
1309	1.0
1310	1.0
1311	1.0
1312	1.0
1313	1.0
1314	0.0
1315	1.0
1316	1.0
1317	2.0
1318	1.0
1319	1.0
1320	1.0
1321	1.0
1322	3.0
1323	2.0
1324	1.0
1325	1.0
1326	1.0
1327	0.0
1328	3.0
1329	2.0
1330	1.0
1331	1.0
1332	1.0
1333	1.0
1334	0.0
1335	1.0
1336	1.0
1337	1.0
1338	1.0
1339	1.0
1340	3.0
1341	1.0
1342	1.0
1343	1.0
1344	1.0
1345	0.0
1346	0.0
1347	1.0
1348	1.0
1349	0.0
1350	2.0
1351	1.0
1352	1.0
1353	1.0
1354	0.0
1355	0.0
1356	0.0
1357	3.0
1358	1.0
1359	0.0
1360	2.0
1361	1.0
1362	1.0
1363	1.0
1364	0.0
1365	1.0
1366	1.0
1367	0.0
1368	0.0
1369	3.0
1370	1.0
1371	0.0
1372	1.0
1373	0.0
1374	1.0
1375	0.0
1376	1.0
1377	1.0
1378	1.0
1379	1.0
1380	0.0
1381	1.0
1382	1.0
1383	2.0
1384	1.0
1385	1.0
1386	1.0
1387	1.0
1388	2.0
1389	1.0
1390	1.0
1391	1.0
1392	0.0
1393	1.0
1394	1.0
1395	0.0
1396	1.0
1397	1.0
1398	1.0
1399	0.0
1400	1.0
1401	1.0
1402	1.0
1403	1.0
1404	3.0
1405	0.0
1406	1.0
1407	1.0
1408	1.0
1409	0.0
1410	0.0
1411	2.0
1412	1.0
1413	2.0
1414	1.0
1415	0.0
1416	1.0
1417	2.0
1418	1.0
1419	0.0
1420	0.0
1421	2.0
1422	1.0
1423	3.0
1424	1.0
1425	1.0
1426	1.0
1427	1.0
1428	1.0
1429	1.0
1430	2.0
1431	1.0
1432	2.0
1433	0.0
1434	3.0
1435	3.0
1436	1.0
1437	0.0
1438	1.0
1439	1.0
1440	1.0
1441	1.0
1442	0.0
1443	3.0
1444	1.0
1445	1.0
1446	1.0
1447	1.0
1448	1.0
1449	0.0
1450	0.0
1451	1.0
1452	1.0
1453	1.0
1454	0.0
1455	1.0
1456	1.0
1457	1.0
1458	1.0
1459	1.0
1460	2.0
1461	3.0
1462	2.0
1463	1.0
1464	1.0
1465	3.0
1466	1.0
1467	4.0
1468	1.0
1469	1.0
1470	1.0
1471	1.0
1472	3.0
1473	1.0
1474	1.0
1475	0.0
1476	1.0
1477	1.0
1478	1.0
1479	1.0
1480	1.0
1481	1.0
1482	2.0
1483	1.0
1484	1.0
1485	1.0
1486	1.0
1487	1.0
1488	1.0
1489	1.0
1490	2.0
1491	1.0
1492	1.0
1493	1.0
1494	1.0
1495	1.0
1496	1.0
1497	1.0
1498	1.0
1499	1.0
1500	1.0
1501	1.0
1502	1.0
1503	0.0
1504	0.0
1505	1.0
1506	1.0
1507	1.0
1508	1.0
1509	1.0
1510	2.0
1511	1.0
1512	2.0
1513	3.0
1514	0.0
1515	1.0
1516	1.0
1517	1.0
1518	1.0
1519	1.0
1520	1.0
1521	1.0
1522	2.0
1523	0.0
1524	1.0
1525	1.0
1526	1.0
1527	0.0
1528	1.0
1529	0.0
1530	1.0
1531	2.0
1532	2.0
1533	1.0
1534	1.0
1535	0.0
1536	1.0
1537	1.0
1538	2.0
1539	1.0
1540	1.0
1541	1.0
1542	0.0
1543	1.0
1544	1.0
1545	1.0
1546	1.0
1547	1.0
1548	1.0
1549	0.0
1550	1.0
1551	1.0
1552	1.0
1553	1.0
1554	1.0
1555	2.0
1556	1.0
1557	0.0
1558	1.0
1559	1.0
1560	0.0
1561	3.0
1562	0.0
1563	1.0
1564	1.0
1565	1.0
1566	1.0
1567	1.0
1568	0.0
1569	1.0
1570	0.0
1571	0.0
1572	1.0
1573	0.0
1574	0.0
1575	0.0
1576	1.0
1577	4.0
1578	1.0
1579	0.0
1580	1.0
1581	1.0
1582	1.0
1583	1.0
1584	1.0
1585	1.0
1586	1.0
1587	1.0
1588	1.0
1589	1.0
1590	1.0
1591	1.0
1592	1.0
1593	1.0
1594	0.0
1595	0.0
1596	0.0
1597	1.0
1598	1.0
1599	1.0
1600	1.0
1601	1.0
1602	1.0
1603	1.0
1604	1.0
1605	0.0
1606	3.0
1607	1.0
1608	1.0
1609	1.0
1610	1.0
1611	1.0
1612	0.0
1613	3.0
1614	1.0
1615	1.0
1616	2.0
1617	1.0
1618	1.0
1619	1.0
1620	0.0
1621	1.0
1622	3.0
1623	1.0
1624	1.0
1625	0.0
1626	2.0
1627	0.0
1628	1.0
1629	1.0
1630	3.0
1631	1.0
1632	1.0
1633	2.0
1634	2.0
1635	1.0
1636	1.0
1637	1.0
1638	1.0
1639	1.0
1640	1.0
1641	1.0
1642	3.0
1643	1.0
1644	1.0
1645	0.0
1646	0.0
1647	1.0
1648	1.0
1649	1.0
1650	1.0
1651	1.0
1652	0.0
1653	1.0
1654	0.0
1655	1.0
1656	1.0
1657	1.0
1658	0.0
1659	0.0
1660	1.0
1661	1.0
1662	1.0
1663	0.0
1664	3.0
1665	1.0
1666	1.0
1667	2.0
1668	1.0
1669	2.0
1670	2.0
1671	2.0
1672	1.0
1673	2.0
1674	1.0
1675	1.0
1676	1.0
1677	0.0
1678	1.0
1679	2.0
1680	2.0
1681	1.0
1682	1.0
1683	1.0
1684	0.0
1685	1.0
1686	1.0
1687	3.0
1688	1.0
1689	2.0
1690	0.0
1691	0.0
1692	0.0
1693	1.0
1694	1.0
1695	3.0
1696	1.0
1697	1.0
1698	1.0
1699	0.0
1700	1.0
1701	1.0
1702	0.0
1703	0.0
1704	0.0
1705	1.0
1706	1.0
1707	1.0
1708	1.0
1709	2.0
1710	2.0
1711	2.0
1712	1.0
1713	1.0
1714	3.0
1715	1.0
1716	1.0
1717	1.0
1718	0.0
1719	1.0
1720	1.0
1721	0.0
1722	1.0
1723	0.0
1724	1.0
1725	2.0
1726	1.0
1727	1.0
1728	1.0
1729	1.0
1730	1.0
1731	1.0
1732	1.0
1733	1.0
1734	2.0
1735	2.0
1736	0.0
1737	1.0
1738	1.0
1739	1.0
1740	1.0
1741	1.0
1742	0.0
1743	1.0
1744	3.0
1745	1.0
1746	0.0
1747	1.0
1748	0.0
1749	3.0
1750	1.0
1751	1.0
1752	2.0
1753	0.0
1754	1.0
1755	1.0
1756	1.0
1757	0.0
1758	1.0
1759	3.0
1760	1.0
1761	3.0
1762	1.0
1763	1.0
1764	1.0
1765	3.0
1766	1.0
1767	2.0
1768	0.0
1769	0.0
1770	2.0
1771	0.0
1772	3.0
1773	1.0
1774	1.0
1775	2.0
1776	1.0
1777	3.0
1778	1.0
1779	4.0
1780	0.0
1781	1.0
1782	1.0
1783	1.0
1784	1.0
1785	1.0
1786	0.0
1787	3.0
1788	1.0
1789	1.0
1790	1.0
1791	1.0
1792	1.0
1793	2.0
1794	1.0
1795	1.0
1796	1.0
1797	1.0
1798	1.0
1799	1.0
1800	0.0
1801	1.0
1802	0.0
1803	1.0
1804	1.0
1805	1.0
1806	1.0
1807	1.0
1808	1.0
1809	1.0
1810	1.0
1811	2.0
1812	3.0
1813	2.0
1814	1.0
1815	0.0
1816	2.0
1817	1.0
1818	2.0
1819	2.0
1820	1.0
1821	2.0
1822	1.0
1823	0.0
1824	0.0
1825	0.0
1826	1.0
1827	0.0
1828	1.0
1829	1.0
1830	1.0
1831	0.0
1832	1.0
1833	1.0
1834	1.0
1835	1.0
1836	3.0
1837	1.0
1838	3.0
1839	1.0
1840	1.0
1841	0.0
1842	0.0
1843	1.0
1844	0.0
1845	1.0
1846	1.0
1847	1.0
1848	2.0
1849	0.0
1850	2.0
1851	0.0
1852	0.0
1853	0.0
1854	1.0
1855	1.0
1856	1.0
1857	1.0
1858	2.0
1859	3.0
1860	1.0
1861	1.0
1862	0.0
1863	1.0
1864	0.0
1865	1.0
1866	0.0
1867	1.0
1868	1.0
1869	1.0
1870	0.0
1871	2.0
1872	1.0
1873	0.0
1874	0.0
1875	1.0
1876	1.0
1877	3.0
1878	2.0
1879	1.0
1880	1.0
1881	2.0
1882	1.0
1883	2.0
1884	0.0
1885	1.0
1886	1.0
1887	1.0
1888	2.0
1889	0.0
1890	0.0
1891	1.0
1892	1.0
1893	1.0
1894	0.0
1895	1.0
1896	1.0
1897	1.0
1898	1.0
1899	0.0
1900	1.0
1901	1.0
1902	0.0
1903	3.0
1904	1.0
1905	1.0
1906	1.0
1907	1.0
1908	1.0
1909	1.0
1910	0.0
1911	3.0
1912	1.0
1913	1.0
1914	2.0
1915	1.0
1916	1.0
1917	1.0
1918	1.0
1919	0.0
1920	0.0
1921	1.0
1922	2.0
1923	1.0
1924	0.0
1925	1.0
1926	0.0
1927	3.0
1928	1.0
1929	1.0
1930	2.0
1931	0.0
1932	1.0
1933	1.0
1934	1.0
1935	1.0
1936	3.0
1937	4.0
1938	1.0
1939	1.0
1940	1.0
1941	1.0
1942	1.0
1943	1.0
1944	2.0
1945	1.0
1946	1.0
1947	1.0
1948	0.0
1949	1.0
1950	1.0
1951	1.0
1952	3.0
1953	1.0
1954	2.0
1955	1.0
1956	1.0
1957	1.0
1958	0.0
1959	1.0
1960	1.0
1961	1.0
1962	1.0
1963	1.0
1964	2.0
1965	1.0
1966	1.0
1967	2.0
1968	1.0
1969	1.0
1970	1.0
1971	1.0
1972	1.0
1973	1.0
1974	1.0
1975	1.0
1976	1.0
1977	0.0
1978	1.0
1979	0.0
1980	3.0
1981	1.0
1982	1.0
1983	1.0
1984	1.0
1985	1.0
1986	0.0
1987	1.0
1988	1.0
1989	2.0
1990	1.0
1991	1.0
1992	1.0
1993	1.0
1994	1.0
1995	1.0
1996	1.0
1997	1.0
1998	0.0
1999	0.0
2000	1.0
2001	1.0
2002	1.0
2003	1.0
2004	3.0
2005	0.0
2006	1.0
2007	1.0
2008	0.0
2009	3.0
2010	1.0
2011	2.0
2012	1.0
2013	1.0
2014	1.0
2015	1.0
2016	1.0
2017	2.0
2018	4.0
2019	3.0
2020	0.0
2021	1.0
2022	0.0
2023	2.0
2024	0.0
2025	0.0
2026	1.0
2027	2.0
2028	0.0
2029	1.0
2030	1.0
2031	1.0
2032	1.0
2033	1.0
2034	1.0
2035	3.0
2036	1.0
2037	1.0
2038	1.0
2039	2.0
2040	1.0
2041	1.0
2042	1.0
2043	1.0
2044	1.0
2045	1.0
2046	1.0
2047	1.0
2048	2.0
2049	1.0
2050	1.0
2051	1.0
2052	1.0
2053	0.0
2054	0.0
2055	0.0
2056	1.0
2057	0.0
2058	1.0
2059	3.0
2060	1.0
2061	1.0
2062	1.0
2063	1.0
2064	1.0
2065	2.0
2066	1.0
2067	0.0
2068	1.0
2069	1.0
2070	1.0
2071	1.0
2072	3.0
2073	1.0
2074	0.0
2075	1.0
2076	1.0
2077	1.0
2078	1.0
2079	1.0
2080	0.0
2081	1.0
2082	1.0
2083	2.0
2084	1.0
2085	0.0
2086	0.0
2087	1.0
2088	1.0
2089	1.0
2090	1.0
2091	1.0
2092	1.0
2093	1.0
2094	3.0
2095	0.0
2096	1.0
2097	1.0
2098	1.0
2099	2.0
2100	2.0
2101	1.0
2102	1.0
2103	1.0
2104	1.0
2105	0.0
2106	1.0
2107	2.0
2108	0.0
2109	1.0
2110	0.0
2111	0.0
2112	0.0
2113	1.0
2114	1.0
2115	1.0
2116	1.0
2117	1.0
2118	1.0
2119	0.0
2120	1.0
2121	1.0
2122	1.0
2123	0.0
2124	1.0
2125	1.0
2126	1.0
2127	0.0
2128	1.0
2129	1.0
2130	0.0
2131	2.0
2132	1.0
2133	1.0
2134	3.0
2135	1.0
2136	0.0
2137	1.0
2138	0.0
2139	0.0
2140	1.0
2141	1.0
2142	0.0
2143	0.0
2144	1.0
2145	1.0
2146	1.0
2147	1.0
2148	1.0
2149	1.0
2150	1.0
2151	1.0
2152	1.0
2153	1.0
2154	1.0
2155	1.0
2156	3.0
2157	1.0
2158	1.0
2159	1.0
2160	1.0
2161	1.0
2162	1.0
2163	0.0
2164	1.0
2165	1.0
2166	1.0
2167	1.0
2168	1.0
2169	1.0
2170	1.0
2171	0.0
2172	1.0
2173	2.0
2174	1.0
2175	4.0
2176	2.0
2177	1.0
2178	1.0
2179	1.0
2180	1.0
2181	1.0
2182	1.0
2183	1.0
2184	1.0
2185	2.0
2186	1.0
2187	1.0
2188	1.0
2189	0.0
2190	0.0
2191	1.0
2192	0.0
2193	1.0
2194	0.0
2195	1.0
2196	1.0
2197	2.0
2198	1.0
2199	3.0
2200	1.0
2201	0.0
2202	1.0
2203	1.0
2204	1.0
2205	2.0
2206	3.0
2207	4.0
2208	0.0
2209	0.0
